+15859364792
+18705475756
+19043776961
+16610363183
+12405936102
+15105024007
+15853625018
+13610598840
+13090437752
+17011071181
+17653959074
+14751868301
+17541139957
+17040557176
+19255356355
+14791842726
+16267880512
+15617551222
+19713189781
+17409321669
+19034887028
+15201205838
+18180971156
+13605940216
+15406179713
+18061439499
+14245018068
+19851146335
+13463446170
+17157764876
+18608446568
+18436550804
+14241394896
+19898295311
+12135369186
+17633075423
+15639828457
+18050010571
+17377694674
+16609345648
+18652145961
+12768237324
+15732425940
+14305814213
+19346645495
+13306162445
+16508888967
+19714602266
+14585997865
+12532316722
+16166992280
+12627969168
+12100602642
+15596132042
+18143685271
+19388845060
+14144397365
+16084134342
+13341342278
+19847776758
+14803912927
+16166526960
+13052644655
+16239209525
+15801089966
+19739762293
+13153252290
+17256779559
+18175637856
+13019486277
+16692169119
+18087579908
+19193909197
+13862557934
+16200696727
+18044433866
+19544749548
+14121479743
+17758615641
+12539765780
+14248404112
+12132615472
+12148518376
+13164721942
+14434223460
+13152143584
+15613323359
+17077071529
+15741551256
+17016443595
+17194342629
+16699458734
+18102163301
+14243043141
+12013254044
+17262511108
+17169736667
+12109379075
+12312591566
+15126847877
+15309920318
+18457466727
+14043028706
+18655308751
+12246345826
+16084189783
+13390095259
+13527399109
+15130587209
+16780371022
+14781970109
+19034520418
+14093454795
+12199668729
+16154358791
+13477286421
+13081959233
+16086854810
+14107992237
+12317720102
+18606535090
+12109892315
+16691736281
+19090685644
+15410976048
+18605905281
+17326807656
+18388798715
+12544687004
+15092872702
+19795002734
+14401583701
+14305431970
+16280395831
+15309396064
+16188216549
+14301671413
+18022815730
+18033792249
+14405924205
+12060537466
+12062168191
+16811050627
+19411630514
+16896834117
+13476166157
+18038670130
+19096661312
+14704288781
+13308642551
+17729793153
+18150656504
+14082353307
+19067216979
+15300129359
+16071928292
+19895650968
+18705459387
+19202135046
+18629640624
+16573283841
+19366254113
+14086404807
+17123296919
+12602096696
+19208191790
+15153172300
+19076016325
+18054615305
+13315358998
+17400726396
+12018004662
+16317061621
+19143773638
+19147751441
+17437579512
+16365535173
+16085919938
+18022984492
+12060406109
+16309334766
+12170754913
+15706228135
+17746591648
+14171325122
+14024213812
+16128714423
+16295896928
+13213469307
+19255558456
+13175185579
+17021347125
+13517626418
+12762017191
+13618970835
+15710163617
+15030074308
+18706231779
+19387646257
+13027092402
+17609584002
+18318029249
+12242222511
+15171781957
+19103834998
+14142669429
+15756706836
+17179439597
+19134402266
+19283125774
+17311930011
+14754947078
+18609911932
+15677228049
+17164576394
+18321600753
+19545602060
+14789707686
+19704474747
+14784196797
+14239177292
+16054904466
+16124006030
+13132544556
+14127163491
+16184416933
+19340727737
+12544972836
+17747829147
+19707813351
+13180272307
+12025396622
+19088526461
+16184363422
+19405432112
+13314056136
+17275062538
+18561656322
+16165118057
+13518853771
+13605773180
+19496216420
+13179427999
+12702472536
+13106170073
+12063500326
+14045023790
+15163697080
+19177552209
+19099755694
+13514941000
+13047329064
+13315539218
+13315326858
+19286796773
+19796975923
+17271994537
+17065294263
+17128062177
+16108603784
+16508575350
+14439019401
+17259456037
+12707430027
+15309864471
+17650157017
+12620044001
+17609934892
+12053030133
+19251634066
+19082788748
+17471905604
+14408783073
+19037003506
+12109739690
+19374851283
+16674040191
+18184225933
+15095564146
+14581904468
+15674517850
+18454322985
+15711600987
+12159322735
+18010009795
+16194801063
+16699922587
+12127098388
+15341829458
+17045504630
+19060071254
+19072049891
+13140784363
+18704932381
+17738622608
+18598651583
+13803112400
+15150251475
+16294762073
+13175006802
+16207802382
+17635113210
+14012924314
+12123661588
+19095869661
+15591738961
+19128292630
+19011864180
+12026333239
+17066834180
+19201386748
+13167127872
+13349505805
+18638452297
+12394926417
+17811887512
+19783972902
+14589726423
+18722445965
+12168885311
+18567396842
+16098535542
+12541372700
+18024213694
+18320162215
+12123069723
+13039854722
+15021578687
+16600194879
+17759126762
+19045808386
+15643862443
+14420082815
+17086833605
+19309106643
+16572274458
+12124481575
+13614199606
+17255489312
+19133244264
+13072347422
+12051489696
+17709674586
+16670963342
+17479942306
+12139401196
+18122743506
+16020604360
+18063114736
+15128315022
+12316146104
+13647786556
+13313014504
+12397834375
+15013595306
+13182107930
+16894317528
+17198804754
+12294853885
+13163659860
+14425108365
+19896980938
+12155187126
+18560512964
+16362424509
+15087794039
+16023323989
+19101749798
+14429952017
+17865261190
+14300722251
+13048562222
+19305559309
+13803869600
+12394161437
+15202807427
+16086369076
+14137033289
+14124220752
+13085145507
+12161843246
+19128675396
+19547802604
+12313179917
+19529933621
+18586424276
+15611543084
+13020142209
+14695906993
+13803240773
+14042326961
+15595359077
+12528052569
+17605246110
+16268804763
+19853738033
+19314672009
+15596339797
+12288204656
+12516746061
+15121834274
+15850758258
+13078481077
+19349978457
+16036532159
+13396491323
+14791547942
+15046541017
+17639233492
+15349757821
+18188483590
+13392976344
+13178761400
+19712135231
+14238866409
+14300559443
+14251940131
+14349321760
+15087804751
+13050733738
+13156490538
+12052214831
+19049813317
+12620149337
+17738236611
+17731520894
+16171019700
+12126938996
+13177429407
+16101811585
+17316077110
+13031633114
+19372545525
+19185974715
+16122760915
+12198759264
+14357775878
+15170295580
+18160041962
+19401117999
+16121197956
+16282114979
+13526105233
+16164071801
+16238784545
+15715950786
+19496791929
+19549140079
+15628325933
+16818561581
+16086420465
+13034566094
+16693818890
+19496144127
+15736822677
+15307542258
+16027009882
+15737507779
+17472738847
+17312644179
+15646804289
+13078703253
+12091591145
+19192756796
+15615528879
+16606920010
+12624091558
+12080575213
+19566676395
+16508290885
+16085314361
+17372485143
+15413606367
+14011687340
+15642477544
+16056425345
+14424297493
+16464106374
+12139165047
+13218912589
+14059214903
+17151929325
+14236142548
+18637474759
+15642159616
+15712105334
+17816394644
+18028796007
+19514504829
+17756694502
+16626973418
+16085996938
+13344985926
+12729161980
+13199802378
+15742724398
+13609109092
+13232121505
+19890622160
+17622047174
+14254158266
+19797169939
+12253847767
+19250233476
+12178912194
+19784277992
+18035450460
+18028806624
+14782516969
+12626516349
+16028501204
+16202446262
+15621234853
+14435583827
+18053563861
+12535746445
+14700273561
+17699836906
+16825243631
+19041711806
+16594151998
+13095541249
+18650586424
+19721689511
+14195760264
+14153706511
+16364205188
+14192347206
+19381278666
+17692825209
+17632159012
+14693132655
+19341642784
+17733000163
+12514727229
+12520109560
+14177924321
+13096979204
+12674715283
+16185734590
+16033888930
+17752609734
+18184488904
+19159009846
+12052135691
+16287176283
+17628763262
+19010956444
+15715377664
+19895948581
+16016208848
+19109916106
+14583759143
+15158200663
+19160312234
+12015052655
+12531279411
+12167310699
+17019476972
+18059442599
+17075610638
+19192887728
+15180395777
+19132761060
+13190451263
+13160354821
+14756837396
+18385615077
+12607000331
+17254663838
+18010838165
+19087506838
+18576751577
+15398065280
+15621064626
+13528386180
+19208884540
+15139503420
+19844456947
+12487052932
+14789186995
+17627119671
+19415524245
+18132545902
+15411834228
+17156361697
+17814912793
+17078529942
+17758078954
+15138670945
+19038491020
+19409040457
+15206744127
+18459159255
+18286783233
+15397111905
+12568000451
+17272238855
+19292477324
+18387973253
+13617617006
+16367143022
+19162246975
+13040732094
+12067004965
+15312406816
+17697930642
+16033773835
+16283875533
+14048437037
+14179330842
+19123944750
+19287361763
+12483180506
+16202953831
+16507094097
+12817571211
+19148365938
+17705139176
+15733211255
+19063796749
+15719711121
+18107454977
+16189535060
+17183494772
+12023921103
+15015603559
+17131760601
+17029007956
+16283031319
+12193481505
+14053250617
+17691013664
+19853313878
+18042600358
+19173189559
+13803002205
+18601339241
+18170761240
+13099342362
+18452083829
+13374239638
+19081258395
+16035475290
+13862653185
+18124771952
+15599488301
+18300275330
+17195984344
+16165410940
+18064744356
+14134354216
+17167236350
+14785564718
+17068411831
+16304934293
+19546104498
+15079331850
+14066596123
+19541179891
+16036031487
+19854564829
+18582625370
+14796237958
+15091994098
+16672411296
+17076356745
+17259340067
+13602688787
+17318655194
+18646524628
+16311969363
+13010898575
+15404873026
+14346034070
+16510550981
+13026555992
+15404268607
+13139805818
+17137066063
+18325819771
+18483671274
+14849895100
+14154309078
+13151021771
+13036479483
+16813874311
+19297208258
+12626504353
+19514613172
+15746105009
+15086879942
+12018738920
+12254278259
+17377655143
+19171391336
+14349732168
+15747761690
+16205845669
+15131737517
+15346114363
+16809016336
+14300912572
+16087089596
+18325430958
+17189499818
+16018649794
+16612498245
+12293481524
+15708024661
+16283570183
+19153583917
+13103371494
+13302172723
+19345936081
+16515128772
+17547667965
+17073858874
+18439323598
+12180411511
+17405651088
+17720226832
+17750709882
+14785232693
+16670638418
+16081078728
+15752939152
+15748802665
+16573680734
+17437374354
+17749705284
+12563783933
+17178447846
+12482893644
+19061156465
+16015866564
+17340593391
+18138374169
+14785139137
+15319969453
+13256540923
+16287278358
+17140222648
+17195198601
+13025205822
+14424854210
+17754252832
+13615093227
+16692229351
+15734743766
+19282623518
+16512438846
+13123684208
+15702028884
+12396652366
+13175485608
+13197478885
+17659642987
+18584332943
+19068564304
+18170435118
+17315365334
+18501613841
+16199381917
+17703909699
+14040220907
+18654236799
+19797145572
+17814090423
+15125637156
+13868985398
+14424892437
+13048086141
+14021526448
+16268638712
+13511570160
+12192422940
+17633504920
+12299022615
+13014960216
+18302682414
+13254541184
+18145726246
+18100559855
+17793658716
+17328000712
+12282985252
+19803368106
+17171034873
+14191430492
+19527080832
+18038452754
+17046331800
+12765275496
+12672983994
+14071161155
+17124553597
+17242872817
+19843727770
+12252945928
+16202917161
+13201180811
+19319554416
+18508793095
+19378128489
+16125482090
+14234376899
+17149016987
+17607555373
+13348758344
+12174696659
+15010861183
+14246968933
+15343824503
+19143948500
+12524739665
+13177103856
+14786165649
+16462616729
+16280580400
+19203719701
+13611736325
+15096986501
+16788521406
+12561424609
+12674734920
+18383143473
+13034319075
+19347592782
+12729149767
+19348114034
+13016660189
+19285366300
+17542067298
+13864910195
+15743535628
+18638636731
+18583919102
+15678772226
+13190822621
+12155871269
+17154780513
+17703504553
+18160819454
+17723322186
+18540612606
+12086758732
+17606064027
+17021628115
+19543095373
+13161176065
+16619665740
+12318316193
+14138987747
+19727112815
+17312041429
+14759278001
+16183069900
+16780208063
+19514338895
+19510649560
+14840590633
+14325818033
+16164915321
+18167244339
+14064875218
+12761429019
+13341925021
+14135516578
+18564427890
+18050909535
+19388974587
+16196049447
+16671173278
+12093357847
+18042092016
+12281325825
+19379530297
+13072701165
+12310900692
+15616437536
+18038401420
+14799890676
+19146751865
+15676005928
+13183473916
+19519699946
+13518726084
+15395184320
+13048905926
+13164501187
+13362632886
+17132020642
+15029097753
+15109831299
+19898663984
+16783437086
+17190011092
+13183261935
+16806682194
+13600518550
+12722606331
+18156669518
+15137325506
+16817399277
+14783864151
+13859336696
+19707369522
+15800703165
+16800957765
+15098747934
+18319636701
+18724453189
+18124102786
+12523364437
+15646372387
+18175983332
+13856534188
+18054466261
+13177497016
+18016852004
+18482693434
+14247832724
+16410252512
+18595266590
+19852307199
+13515717232
+13371724818
+19710346808
+17404407977
+13809369865
+19549305637
+15097163016
+15598555732
+19789323593
+17629498244
+17740892175
+14804954141
+18136987934
+18312159429
+16819510438
+12258492535
+18602920642
+19109433818
+17750029737
+12695631419
+15056554928
+13188617971
+18477895841
+16810287537
+19102661880
+18638412300
+12565746769
+19349594056
+19841116565
+12487205887
+14693997815
+14026930189
+15745412547
+13085010844
+19159239234
+19070134396
+13472440433
+12560576010
+15125155480
+17169561340
+12393034814
+17438484531
+12812991091
+12480324348
+14251388707
+14249656118
+17156026205
+13121084744
+17203700977
+16285321612
+15306731128
+12561414173
+14130400990
+19281907261
+14235564786
+19854416557
+14325337274
+14076174199
+18087863030
+12766122938
+19840018414
+16291193253
+16506196336
+12530402583
+18170950639
+13155903488
+14406172753
+16108584313
+13392509745
+14421806502
+19416516948
+12672667665
+13316569220
+18382917229
+17720520210
+17263930759
+17636595325
+19193378947
+15058451054
+19789189903
+17171604782
+16293925306
+18783374978
+18061478480
+19711513675
+14170494998
+16412974564
+13474616358
+15013340397
+18178793500
+17546659315
+19252409249
+19045453088
+14788710645
+12135968313
+14147899005
+14046731594
+12694854370
+17603782596
+17478928462
+19147461656
+12172524188
+13251992974
+19783599988
+17478108999
+19528938601
+18598222081
+15172201304
+12560546523
+12087593036
+14428354266
+19591183346
+16104352328
+18037245933
+18132999480
+17162482899
+12343275411
+14793973460
+13201653554
+12076624412
+12121427085
+19129495656
+15127229029
+19093876299
+19347731017
+18640943178
+12811307767
+17604004445
+14795268345
+12016681100
+14321063220
+18452718296
+12159259203
+17852170554
+19209970891
+14405033554
+19086628995
+16593040129
+15134092774
+18578999836
+12068603818
+17407420659
+17310410467
+17070452094
+16205335017
+18594819793
+12031988796
+12531354718
+13468698467
+16675906674
+16363296213
+16296576410
+17571851826
+19299492389
+17034803614
+17858391063
+18708494476
+19087437736
+17268118227
+19191673879
+15055032600
+18161554612
+16022970028
+13515309529
+18314789384
+17069858351
+16109990807
+16179319875
+16074564968
+13864730147
+14094005616
+16303668330
+19780814575
+15738985858
+17743517612
+17600476143
+13104370589
+16235137953
+15850214480
+17203103007
+15131643126
+15730241418
+13047990290
+13854510332
+16260048883
+14255179007
+12487252766
+19346076299
+12510439560
+12060405570
+17016414661
+13152884470
+15859084759
+13154014386
+12151253385
+19791384996
+14235561715
+18124294270
+16784724162
+14698221139
+14701682341
+19033794589
+12695035246
+19047999112
+15161756952
+19178211749
+13865889860
+19841181271
+16150260457
+12151537465
+12695473101
+14175234002
+18721477112
+19049027794
+18478163541
+13097783449
+14439367489
+12700087454
+17318388681
+18052934733
+12088543570
+17248035326
+12532901351
+16613723282
+15076824232
+15032163374
+19703159934
+12485855619
+13026989946
+19316773085
+19719896458
+16315762497
+14842449794
+14432841058
+12059012176
+16069205347
+16314770137
+12533090466
+13172588858
+17310963137
+18015515765
+12690639579
+19419436801
+14020830038
+13102716057
+14356180975
+14305595744
+12760678893
+18041457681
+19781323823
+16308287756
+17062819012
+13216751321
+14231432579
+12529102057
+18133218671
+12169682323
+16595314905
+19548478528
+14256044752
+16093213173
+17177146379
+12135913025
+12533247884
+17726578896
+19165820631
+17434632794
+14756970533
+13251863133
+13172604741
+14129368153
+12026733047
+19090721203
+16365509257
+12068774097
+18043974815
+13123546062
+18631869158
+18120007464
+12066304035
+15101305512
+13529094268
+18067854638
+16173953403
+19732820612
+14585072063
+17791814089
+13043029944
+16512828943
+13185157855
+15303055008
+15517211060
+15041651807
+12297117402
+14066886042
+12250022053
+13341162831
+17069275134
+19069143301
+19565420148
+16159702155
+16166976493
+17861294319
+12133889137
+19701133193
+18589646469
+12542612855
+19852190019
+14029264293
+16307107061
+16511806219
+18501656844
+14436113569
+15039805552
+17574211285
+15027803854
+12518202685
+15736229897
+15400144943
+15802808930
+12399249517
+14028884701
+13373971745
+17026202367
+14137523542
+19382873877
+16412587067
+15679062878
+16265931665
+14697324297
+13521888635
+12533181307
+15023825513
+19092347056
+19844645782
+17183010721
+12709232586
+13523672190
+12076254238
+18301089600
+19563448565
+15801890289
+17188611100
+13076180756
+12297149822
+12672216747
+16786780297
+15047099500
+19527634858
+13058361945
+15090152767
+18597560264
+19853904365
+17186539149
+15177511222
+15649226597
+19802311517
+18148958875
+18647140645
+19384076849
+19187081227
+16508286061
+13078633486
+17477110921
+13463122059
+12107910393
+19805298051
+18045041133
+14107718120
+12083904125
+14071306431
+19171874256
+14700027824
+12818061058
+16080538217
+17748580614
+13172565523
+17203950324
+18582260701
+12567704768
+19796320585
+12670317432
+17729163593
+12566397105
+12103401970
+12672637938
+15127300356
+16812172376
+16800919885
+17759847127
+14694874624
+14701817406
+14087244715
+14701979007
+12251562180
+17318764186
+17198026956
+13133871350
+19710938173
+16054367119
+18641753405
+16070921617
+17022016963
+19314433936
+17249393268
+13250314489
+17186514638
+12768482720
+16800723806
+16788104702
+19596386916
+18027651516
+19256823059
+13314405224
+19284169837
+14175702889
+12402589959
+18061727924
+14052560632
+16460875913
+15731287846
+15034973448
+16283452266
+12127584972
+12010775465
+14087756887
+13179122839
+17743341500
+14059610826
+18044966856
+19258407708
+18546556928
+18452032881
+14066076158
+15625636112
+19363725675
+15391923804
+17700552484
+14075261911
+12766154613
+13100439125
+15801324475
+19720771206
+18173843502
+14125732448
+18014261004
+14844658364
+17860007604
+12290983475
+16085241142
+13030575769
+19598533232
+19415259861
+17797329786
+13188699753
+15183232169
+12728583241
+16146212928
+16509665928
+14787687078
+19739438527
+13311059561
+16621134881
+19154195510
+13184512861
+12192544456
+14259300096
+13091533153
+15035484205
+14355349201
+17341238590
+14137003899
+19593606951
+18053805480
+19792682546
+19408302518
+15104797687
+15081867285
+12514338372
+14077077947
+17045892293
+16316339047
+15016221680
+13084943336
+17756506702
+15756155667
+13174883808
+12100163201
+15866331762
+14259108184
+17082661853
+16507501989
+15045885136
+18385173639
+15202383114
+14122192557
+18570038423
+17572453293
+15179803134
+16282749356
+14070681239
+16507316711
+12724207181
+18548217110
+12563946940
+18721470077
+13807114127
+18148956708
+14841728516
+15172797397
+19064436468
+13311248335
+19166143686
+18565014185
+14326276435
+13527198588
+14439985415
+18592260474
+14788010565
+15516673481
+16825573400
+12511560969
+12628470048
+16575504242
+18435771309
+19034303465
+19175739900
+18654116029
+15187454330
+13163879646
+13526432680
+16468035932
+19519941460
+16205541228
+14304071135
+17575619192
+16177854769
+14101251729
+18436881888
+13121462332
+16821313146
+12256583134
+19160699987
+13803500948
+15035238707
+16675497484
+13404407374
+13256350554
+18032384712
+16696147618
+19494903959
+13609752837
+14580808098
+17753932779
+17195031177
+14432197913
+13199503341
+17067378388
+12054205432
+13167933320
+16177416812
+19315816149
+17072572032
+13398509385
+16592542434
+17721437938
+17543279133
+15616520817
+17740985196
+14784491149
+17707862574
+14230224915
+17374275541
+19568609434
+12628575777
+17268285283
+12523552733
+12025823990
+17630207610
+19201443088
+13366766692
+19280980380
+12527903349
+19789768204
+17605124385
+19405537214
+19843070897
+13511671141
+17545276411
+12070701525
+14241963636
+19522153220
+14340623186
+17049990724
+16069996692
+15735117891
+14243584943
+14436416655
+19194196894
+16184036794
+19514626648
+19371350506
+14695809600
+18562497213
+19280845707
+12077953041
+13239751206
+15860469066
+12018901743
+15089432774
+14791372713
+15805390743
+19491175938
+16898017113
+12286969513
+17131949008
+18122855804
+17858595657
+14305116347
+17540849788
+19207893746
+14789316785
+13863515661
+13512397379
+12816676910
+14095639907
+12197802762
+19846773707
+13136011751
+13511847239
+12519329454
+15077765545
+14060011573
+13858417573
+19167830656
+19042998461
+19592080885
+17156755074
+14126905061
+12172454972
+13015593725
+15407408810
+12406174962
+15081563291
+17060568836
+12050726557
+12700680108
+19160708318
+13021190876
+14018548146
+12560294836
+19898620079
+14423810109
+16895811835
+19568943164
+15094561265
+13104429811
+17739600675
+17016485635
+14781024739
+19805252336
+13523234210
+19304482893
+18628600833
+12728960317
+18721804541
+19145898186
+13080051022
+19256396176
+17693080045
+13078641445
+14237876865
+13511622583
+19859373467
+18482814579
+18029208106
+12131910062
+18507154227
+19031413540
+19713969763
+16800393174
+13010974214
+18318242929
+15123134708
+16818076274
+17314713779
+17816112995
+19366815729
+16195320360
+16576918425
+19401495588
+15511322167
+19061015528
+14421173500
+18028611236
+15083988389
+14195793632
+16077939031
+15303533446
+15207878469
+19255952222
+18316727215
+17021460615
+16146653609
+15163583342
+17373898037
+12055564781
+16057173841
+19186430764
+18324898949
+19175840065
+12601984773
+17813460948
+19566821719
+13808583237
+14424265001
+15165602977
+19153790745
+17198129931
+15132354547
+15736823638
+13341870873
+16084726068
+12168414797
+13194613319
+14708516228
+15013475927
+16262500370
+19160296213
+19706602096
+13135543883
+17625949284
+17379620607
+19084236025
+18389236210
+19781027560
+14056309041
+14083188686
+19722999655
+15023469513
+15591906672
+15638559925
+19198002270
+14190772201
+15139547182
+14354039904
+17169452187
+13239312125
+16076907362
+17208924452
+14155376848
+13054146286
+12121359378
+19205112858
+14794023290
+16573902890
+13643876958
+18328539163
+12487680427
+18322599633
+14433330927
+17574397193
+14235345361
+16365728161
+15078066206
+15390420368
+16697603005
+12394285151
+18627737722
+15021027278
+18328050200
+17129571176
+14041161024
+18189015909
+12039044366
+18153656844
+16610298336
+16268840679
+18163287942
+16206169535
+12296607522
+18303128173
+13013358085
+19735032209
+19415979769
+12764812071
+14098975178
+16309445620
+13179814211
+19170391342
+18088587308
+17180366034
+15175458973
+19205423155
+12691636547
+17122936300
+18596080509
+19084178261
+13070876764
+13858077450
+16022738594
+12247028922
+18306100429
+15511869745
+16675462908
+12130462378
+15670895289
+16698582738
+14028851401
+19706702365
+13012494335
+13072260563
+18022069839
+18591184574
+15089731330
+12521617341
+18147487992
+16291023547
+12693440822
+16077790189
+18625199707
+18705563414
+17639460788
+12178400619
+17409178288
+19297701827
+12150132685
+15670010703
+15643354435
+17371533859
+12079024188
+18030653236
+12101495116
+15640656053
+15862486713
+16037822495
+14086709127
+16820142990
+13176860084
+14152908910
+15747428617
+17022588802
+13649855809
+12679986587
+12485850682
+16200949222
+18571736826
+18051869748
+18131315321
+16062707537
+15595688902
+17242492534
+15150881427
+15751584826
+17811901361
+16123303026
+17263275153
+15754847202
+17169076025
+15804535430
+12083229565
+13233789801
+18020286099
+17048424837
+19800247739
+15120212293
+17576661168
+16056279973
+12190779369
+17700337568
+13238987295
+17473666803
+17655597385
+12253807980
+18168833422
+15625996288
+13206963526
+17436181058
+13027979067
+19257617157
+19517603474
+15800830202
+15304343178
+18325501117
+18545920197
+19737981316
+15414028416
+16171751549
+14040170074
+13174941745
+17198724445
+12515715566
+17272095209
+14126916946
+12251419777
+16154096214
+14257770444
+14152272723
+19080151402
+13856727312
+16312421757
+14403388401
+18052953872
+16413532819
+18165380610
+17029522102
+18039553947
+15612907873
+13861395788
+16122507313
+18321594595
+17748214328
+19184705619
+18630107762
+18156208040
+17379972213
+15412220220
+13346326896
+18649567108
+16411893144
+19493053170
+17312457081
+15308340286
+13613182141
+16592665393
+13346976239
+17037205969
+19258557981
+13180302228
+19562974136
+17079552115
+13366600143
+12186500237
+17323860283
+17471663815
+19191550238
+18285536742
+17702808738
+12765245089
+19155603268
+14433325771
+19710154989
+16167457608
+17253481053
+13852913168
+14301093036
+18154108286
+17267288378
+14709849319
+19307015004
+12191072470
+12343703519
+15676313683
+19520703537
+17327639995
+13366910991
+15672628465
+13342911994
+15021565496
+13393784073
+15397207356
+17163924564
+13205766335
+13047209723
+15599659540
+18140560343
+18784712685
+12195230761
+14844849170
+12157638739
+16361728219
+12167235067
+19493679738
+13210937021
+13050012293
+19197842724
+12057862175
+16147378770
+12091066189
+19841314091
+17434029481
+19802520259
+13030933686
+18021167377
+14791978783
+18624152154
+17401456615
+15134114318
+19128455570
+14065244303
+19566482565
+16890174985
+19890678024
+16510593385
+12291378302
+14696644068
+17697272211
+12181602062
+15865019146
+13162284747
+17204142046
+16617390690
+15398879954
+15135780026
+15624748475
+19418601967
+12020982614
+18723992525
+14324274733
+12057636640
+18038145237
+14174991868
+15129521558
+15304124865
+16890634656
+18626903175
+14012191361
+12625759126
+19128408432
+12029902883
+14404673102
+12539746936
+15042961059
+15860931540
+13602523574
+14079291283
+16317294888
+13198874710
+15869014997
+19298732870
+12105792781
+17014612866
+19735163233
+14058535331
+13162740317
+19562731911
+17639267283
+14244767278
+12693701965
+17325651019
+19080114493
+16463044680
+19563868256
+19137112328
+15597015152
+13086170260
+13158043577
+19348566022
+13209126425
+13231844288
+18107357489
+12126292335
+18727296120
+16263694468
+13341499914
+16295352364
+15864849269
+18061880352
+14022054782
+18593159323
+19565554249
+16419964421
+17865685700
+13234791658
+15205828734
+15405267526
+17269579651
+16092343010
+19201543213
+14109139345
+19122279362
+15187480670
+12514946325
+14757333727
+12765474558
+12149797080
+14424570260
+18023286925
+13238140987
+12197474826
+17321239861
+12016456762
+18170001870
+17018547920
